 degree:14
 order:43
[ 14, 14, 14 ][ 4, 6, 4, 4 ]

minimal polynomial:[ x-14, x^3+x^2-14*x+8 ]
 Galois type:1

 minimal polynomial of other basis elements:
 [ x-14, x^3+x^2-14*x+8 ]
[ x-14, x^3+x^2-14*x+8 ]

 SITA:
[ [ [ 1, 0, 0, 0 ], [ 0, 1, 0, 0 ], [ 0, 0, 1, 0 ], [ 0, 0, 0, 1 ] ], 
  [ [ 0, 14, 0, 0 ], [ 1, 3, 4, 6 ], [ 0, 4, 6, 4 ], [ 0, 6, 4, 4 ] ], 
  [ [ 0, 0, 14, 0 ], [ 0, 4, 6, 4 ], [ 1, 6, 3, 4 ], [ 0, 4, 4, 6 ] ], 
  [ [ 0, 0, 0, 14 ], [ 0, 6, 4, 4 ], [ 0, 4, 4, 6 ], [ 1, 4, 6, 3 ] ] ]

