 degree:12
 order:37
[ 12, 12, 12 ][ 5, 4, 3, 5 ]

minimal polynomial:[ x-12, x^3+x^2-12*x+11 ]
 Galois type:1

 minimal polynomial of other basis elements:
 [ x-12, x^3+x^2-12*x+11 ]
[ x-12, x^3+x^2-12*x+11 ]

 SITA:
[ [ [ 1, 0, 0, 0 ], [ 0, 1, 0, 0 ], [ 0, 0, 1, 0 ], [ 0, 0, 0, 1 ] ], 
  [ [ 0, 12, 0, 0 ], [ 1, 2, 5, 4 ], [ 0, 5, 4, 3 ], [ 0, 4, 3, 5 ] ], 
  [ [ 0, 0, 12, 0 ], [ 0, 5, 4, 3 ], [ 1, 4, 2, 5 ], [ 0, 3, 5, 4 ] ], 
  [ [ 0, 0, 0, 12 ], [ 0, 4, 3, 5 ], [ 0, 3, 5, 4 ], [ 1, 5, 4, 2 ] ] ]

